123313939
86187811
92870237
89007665
89573405
78268176
81039452
75260524
62002293
70361000
75541347
73497294
64037277
61043064
65200600
62021213
65471548
56883407
55265241
58896461
52140716
62106979
53282923
48838997
51941001
40674351
46248802
41862212
42049852
40414903
39518933
39023732
31649084
42263871
26942268
31065185
30932408
24102048
127069619
3937623
1569522
1221461
7364
80041
221922
51874
141329
105090
149672
94522
33577
109286
91755
22152
22334
165949
23152
72456
21147
23821
67011
20948
110337
37483
24681
28607
65107
77780
42017
60977
80526
70914
108750
25980
76969
89397
81945
31366
100708
47306
62733
110897
126754
33838
51401
42263
155527
52061
157936
75015
42511
52557
37435
101246
87187
48482
28727
119865
26633
37171
26193
133239
50818
89907
109779
32835
41883
20951
41442
54114
32550
55960
19417
22914
76520
107419
86088
162917
106289
31642
76623
35094
49955
83827
36359
137165
150821
35695
30721
20613
80659
77545
65007
30918
52434
87836
21647
43275
37695
112066
34079
79980
49917
73324
31645
132729
13945
107752
41820
47805
21918
72219
76861
85513
29022
29637
49666
125300
65114
20077
96043
21646
30277
68647
70087
44546
76322
132153
20226
46600
54626
86956
46521
117440
118337
51224
56787
30484
15959
119849
98418
28248
102556
27522
34110
18094
27233
88582
25709
1298
62252
127094
32259
37889
74229
35679
27069
83742
24044
41034
74003
67509
19847
87599
24840
28508
42597
45070
66572
81773
34807
36879
20644
65596
29280
41303
59990
65069
29005
70851
44595
72767
33347
45317
31601
91630
77588
75344
32743
37365
41602
55991
95111
58942
30221
71387
115031
27928
70925
35902
54259
38914
45442
88703
37637
24865
24283
128984
47473
111287
22884
79945
123329
86036
176980
103225
17999
55429
81367
23621
85504
82347
103816
32309
85915
126430
29234
113339
27064
117757
77307
115749
48449
106161
115939
130513
73459
3974031
53125
138571
65015
37533
56665
18587
85558
30888
47399
83192
86378
120550
119065
17977
45692
31628
32407
76683
31588
27606
1603267
24302
106612
19811
33635
23703
79163
28628
55337
30602
1150314
22639
96010
42401
29586
71157
29655
98160
887828
319569
706478
470734
256977
261000
198152
334733
145651
158736
51718
98499
52700
35033
70296
93808
88993
81415
58275
124704
155037
115595
96298
29459
33357
50798
41169
64706
38733
68744
321138
21546
22079
48536
33304
108312
46379
26898
79892
61631
37740
44979
92919
125416
78507
98794
44901
17712
37635
1140324
73315
119460
35467
106751
33955
81868
18977
70921
26472
113238
