0
123469824
209715200
302776320
391905280
481558528
559939584
641204224
716701696
778829824
849346560
925106176
998768640
1062993920
1124073472
1189347328
1251475456
1317011456
1373896704
1429209088
1488191488
1540358144
1602486272
1655963648
1704984576
1757151232
1798045696
1844445184
1886388224
1928593408
1969225728
2008809472
2047868928
2079588352
2122055680
2149056512
2180251648
2211184640
2235301888
2362441728
2366636032
2368208896
2369519616
2369781760
2370043904
2370306048
2370568192
2370830336
2371092480
2371354624
2371616768
2371878912
2372141056
2372403200
2372665344
2372927488
2373189632
2373451776
2373713920
2373976064
2374238208
2374500352
2374762496
2375024640
2375286784
2375548928
2375811072
2376073216
2376335360
2376597504
2376859648
2377121792
2377383936
2377646080
2377908224
2378170368
2378432512
2378694656
2378956800
2379218944
2379481088
2379743232
2380005376
2380267520
2380529664
2380791808
2381053952
2381316096
2381578240
2381840384
2382102528
2382364672
2382626816
2382888960
2383151104
2383413248
2383675392
2383937536
2384199680
2384461824
2384723968
2384986112
2385248256
2385510400
2385772544
2386034688
2386296832
2386558976
2386821120
2387083264
2387345408
2387607552
2387869696
2388131840
2388393984
2388656128
2388918272
2389180416
2389442560
2389704704
2389966848
2390228992
2390491136
2390753280
2391015424
2391277568
2391539712
2391801856
2392064000
2392326144
2392588288
2392850432
2393112576
2393374720
2393636864
2393899008
2394161152
2394423296
2394685440
2394947584
2395209728
2395471872
2395734016
2395996160
2396258304
2396520448
2396782592
2397044736
2397306880
2397569024
2397831168
2398093312
2398355456
2398617600
2398879744
2399141888
2399404032
2399666176
2399928320
2400190464
2400452608
2400714752
2400976896
2401239040
2401501184
2401763328
2402025472
2402287616
2402549760
2402811904
2403074048
2403336192
2403598336
2403860480
2404122624
2404384768
2404646912
2404909056
2405171200
2405433344
2405695488
2405957632
2406219776
2406481920
2406744064
2407006208
2407268352
2407530496
2407792640
2408054784
2408316928
2408579072
2408841216
2409103360
2409365504
2409627648
2409889792
2410151936
2410414080
2410676224
2410938368
2411200512
2411462656
2411724800
2411986944
2412249088
2412511232
2412773376
2413035520
2413297664
2413559808
2413821952
2414084096
2414346240
2414608384
2414870528
2415132672
2415394816
2415656960
2415919104
2416181248
2416443392
2416705536
2416967680
2417229824
2417491968
2417754112
2418016256
2418278400
2418540544
2418802688
2419064832
2419326976
2419589120
2419851264
2420113408
2420375552
2420637696
2420899840
2421161984
2421424128
2421686272
2421948416
2422210560
2422472704
2422734848
2422996992
2423259136
2423521280
2423783424
2424045568
2424307712
2424569856
2424832000
2425094144
2425356288
2425618432
2425880576
2426142720
2426404864
2426667008
2426929152
2427191296
2427453440
2427715584
2427977728
2428239872
2428502016
2428764160
2429026304
2429288448
2429550592
2429812736
2430074880
2430337024
2430599168
2430861312
2431123456
2435317760
2435579904
2435842048
2436104192
2436366336
2436628480
2436890624
2437152768
2437414912
2437677056
2437939200
2438201344
2438463488
2438725632
2438987776
2439249920
2439512064
2439774208
2440036352
2440298496
2440560640
2442395648
2442657792
2442919936
2443182080
2443444224
2443706368
2443968512
2444230656
2444492800
2444754944
2446065664
2446327808
2446589952
2446852096
2447114240
2447376384
2447638528
2447900672
2448949248
2449473536
2450259968
2450784256
2451046400
2451308544
2451570688
2452094976
2452357120
2452619264
2452881408
2453143552
2453405696
2453667840
2453929984
2454192128
2454454272
2454716416
2454978560
2455240704
2455502848
2455764992
2456027136
2456289280
2456551424
2456813568
2457075712
2457337856
2457600000
2457862144
2458386432
2458648576
2458910720
2459172864
2459435008
2459697152
2459959296
2460221440
2460483584
2460745728
2461007872
2461270016
2461532160
2461794304
2462056448
2462318592
2462580736
2462842880
2463105024
2464415744
2464677888
2464940032
2465202176
2465464320
2465726464
2465988608
2466250752
2466512896
2466775040
2467037184
